-0.705235327 0.44770514 2
-1.493832759 0.006195242 2
-0.545676628 0.167848503 2
1.446879643 0.30752082 3
-1.015304029 -0.100635484 1
0.966639463 0.478713854 3
0.190911882 -0.704749649 1
0.455005166 -0.584415557 1
1.059764082 0.029228488 1
-0.131843231 -0.117182787 4
-0.913426912 0.465385183 2
-0.200815005 -0.674529507 1
0.862512693 -0.194202045 1
0.988791972 0.500683069 3
0.937000595 -0.292863123 1
0.60637385 0.222357648 3
0.453329131 0.451145229 3
-0.61931129 0.178733312 2
1.230924504 0.330248656 3
0.220399712 -0.619145139 1
-0.827918719 -0.438013313 1
0.760582629 0.318393174 3
0.789267304 0.342572656 3
-0.755505884 0.326520866 2
0.044666143 0.028878191 4
-0.65777118 -0.615561501 1
-1.346261035 0.452452008 2
-0.49015404 0.346696334 2
-0.947119618 -0.267105826 1
0.887417751 0.656158543 3
-0.939492817 0.564986791 2
-1.39138304 0.178019676 2
1.114864169 0.411465366 3
0.941880195 -0.134407077 1
-0.113323217 -0.216038647 4
0.038659035 -0.151626041 4
-0.665681994 0.515398471 2
0.814456512 -0.480274751 1
0.891149578 -0.385269173 1
0.470023495 0.184847339 3
1.233565293 0.299738402 3
0.03550986 -0.332011157 4
0.390818131 -0.490777806 1
0.988786909 -0.106988167 1
1.016249976 -0.095720669 1
-1.358493914 0.179358201 2
0.872282842 0.476120897 3
-0.238631261 -0.566154112 1
0.944699231 -0.037904757 1
0.693665097 -0.555389556 1
-1.21642257 0.313089663 2
-1.29155207 0.429939629 2
-0.908914256 0.581480454 2
-1.026561059 -0.190476018 1
-0.75956401 -0.43753059 1
0.724930654 0.5347067 3
-0.966273723 -0.08938535 1
1.019113967 -0.175095861 1
0.957692082 0.4362218 3
1.432045369 0.124508943 3
-1.087336316 0.597489079 2
-1.511452245 -0.179598865 2
-1.063807811 -0.227543459 1
-0.13750227 0.263255532 4
0.32127427 -0.57551393 1
-0.65585486 0.337080123 2
0.916218539 -0.279967353 1
-1.002533201 -0.063080472 1
0.880486947 0.412404106 3
0.448209693 0.326492603 3
1.000981442 -0.048495563 1
-0.134387518 -0.042993041 4
-0.911336521 -0.592748753 1
0.957400283 -0.112138479 1
-1.418714097 0.294492119 2
-1.116754943 0.621139409 2
0.846840335 0.617064964 3
1.228267345 0.270302314 3
1.387887861 0.276106573 3
0.192096396 0.054224142 4
-0.040836425 -0.662960149 1
-0.383488909 -0.549753947 1
0.061791908 -0.199532842 4
0.912979292 0.524269061 3
-0.110641931 -0.215355006 4
-0.515215172 -0.50204792 1
-0.53547075 0.145176517 2
-0.011837817 -0.633043724 1
-0.75355386 0.540635638 2
0.820747408 -0.385377937 1
0.031900625 0.106226754 4
0.599669415 -0.527091429 1
-0.982096572 0.002373607 1
-0.364947051 -0.595138551 1
1.094774603 0.397201795 3
0.085763785 -0.790406137 1
0.528261671 -0.56163782 1
-1.206753078 0.41996332 2
-1.4610691 0.5180936 2
-0.515493948 0.199842201 2
0.139369916 -0.136601414 4
0.831310553 -0.342860002 1
-0.051585008 -0.073619377 4
-1.502261201 -0.043396708 2
0.123798751 -0.067772123 4
-0.113528648 -0.721712023 1
-0.775063705 0.416194268 2
-0.996256763 0.459767713 2
0.182124331 -0.588693237 1
1.251656602 0.377677549 3
1.263294704 0.353726048 3
-0.587163349 -0.484965167 1
1.410804659 0.32598794 3
0.062788463 -0.204510524 4
1.441277849 0.150593564 3
0.165080193 0.02080269 4
-0.670499859 0.149490125 2
-0.939735889 0.417801637 2
-1.345889687 0.274344017 2
-0.568020026 0.309786049 2
-1.500495924 0.210835297 2
1.353194382 0.398523121 3
1.037282009 -0.043364162 1
-0.728747659 0.497715981 2
-0.955037688 -0.359731293 1
-0.557184806 -0.635904996 1
-0.772516691 0.597625833 2
0.098178759 -0.620215611 1
-0.809692518 -0.307823922 1
-0.112410954 -0.059464696 4
0.732283031 -0.462040613 1
0.593957446 0.373975233 3
-0.691693384 -0.546677292 1
-1.319128987 0.38443103 2
0.016061453 0.007125273 4
1.47099126 0.094852221 3
-1.19121926 0.443991706 2
0.075187973 0.109494678 4
0.081680476 6.15E-05 4
-0.685395569 0.462393486 2
0.138196039 -0.771330141 1
0.039224847 0.144427738 4
-1.346164711 0.130242448 2
-0.827452518 0.431370766 2
-0.123465651 -0.64627508 1
-1.434026315 0.292461691 2
0.045160749 0.005100095 4
0.478415224 0.381268259 3
-0.093403323 -0.133650503 4
-0.101678369 -0.673650529 1
-0.430119447 -0.651824236 1
0.090063007 -0.080758044 4
1.524510831 0.45452577 3
0.524122495 0.497078135 3
1.149307775 0.382976548 3
-0.921241919 0.495296278 2
1.428791747 -0.004958319 3
-0.042821319 -0.177440705 4
-0.970741333 -0.050830195 1
1.08497875 0.396201321 3
-0.910586881 0.576406245 2
-0.738254958 0.40963726 2
-0.62913944 0.042847237 2
-0.969840449 -0.052251254 1
0.543718197 0.082187399 3
-0.917879172 -0.411416845 1
-1.422348178 0.349854574 2
0.832222402 0.688824957 3
-1.158024046 0.404297011 2
-0.816349808 -0.306393258 1
-0.84748242 -0.417177239 1
-1.415489327 0.049081275 2
0.874459316 -0.197559311 1
1.471443791 0.071561245 3
0.753341984 -0.496819611 1
0.095936038 -0.108932764 4
1.388746792 0.048553143 3
0.599426999 -0.714099058 1
0.69786793 -0.349717208 1
1.519641381 0.253015985 3
0.619279531 0.476823405 3
0.208156113 -0.026243538 4
0.578436603 -0.487599436 1
1.124493994 0.416875286 3
-1.43256358 0.145265895 2
0.002862287 -0.599511619 1
-1.004655397 -0.126976753 1
-0.12564687 -0.392025529 4
-0.042474945 -0.062782434 4
0.616451579 0.225954715 3
0.555025989 -0.581148369 1
-0.75578554 0.41471828 2
-0.290221535 -0.22590479 4
-0.973859151 -0.388702407 1
-0.805117044 -0.475514028 1
-0.927511687 0.570626089 2
0.04195049 -0.148016617 4
0.464740447 0.070701741 3
-1.486134105 0.028803254 2
0.750119518 0.431347487 3
0.555910218 0.303361512 3
-0.604809507 0.226023328 2
1.200712752 0.377273563 3
1.035482229 -0.049280019 1
-1.293435293 0.582580414 2
0.929922569 0.536131889 3
-0.352311241 -0.738877209 1
0.726192684 -0.435699119 1
-0.980022637 -0.059751131 1
-0.643410799 -0.513151274 1
1.507447109 -0.086883641 3
-1.07802671 0.523655514 2
1.421661156 0.012703211 3
-0.801079106 0.42956255 2
1.265912204 0.289438894 3
-0.06696573 -0.061920278 4
-1.160891102 0.371463216 2
0.733150498 0.352918932 3
0.246718965 0.132550792 4
0.879469249 0.640746643 3
-0.437411633 -0.581315315 1
1.303858529 0.423461352 3
0.723955635 -0.381333669 1
0.903308098 -0.335707884 1
0.042482183 -0.660426 1
-1.444467737 0.033980381 2
-1.356951245 0.226426147 2
-1.238476647 0.314291941 2
0.985438451 -0.034024495 1
-0.826309606 -0.43601135 1
1.341218314 0.249631342 3
-0.572318231 0.169339659 2
-1.309174016 0.21991463 2
0.106453654 -0.040157406 4
-1.251373679 0.542355467 2
0.891916126 0.54174718 3
-0.892108715 0.509669666 2
-0.871221643 0.571381339 2
-1.494079527 0.274994146 2
-1.305978324 0.358867963 2
-0.959492407 -0.120958868 1
0.954842079 0.636499446 3
0.467971786 0.262706218 3
0.943181809 -0.229561214 1
1.37077931 0.358500661 3
0.191327576 0.043910611 4
-1.21246283 0.377244738 2
-0.887054573 0.56554002 2
-1.265216568 0.435945832 2
-0.437109327 -0.676837538 1
0.493135019 -0.564146999 1
0.426069233 0.334537433 3
0.126055664 0.10051138 4
-0.858692279 -0.38613903 1
0.738923495 -0.56829106 1
-0.260745574 -0.198236252 4
-1.081779451 0.485423911 2
-0.334904441 -0.609988977 1
0.621671323 -0.446506261 1
0.969321251 0.051324243 1
0.765824989 0.475211024 3
1.033076788 0.407901128 3
0.675212227 -0.485406842 1
-1.072456381 0.445873078 2
-0.512062882 0.145462089 2
1.516785471 0.005148731 3
0.357670152 -0.518441939 1
1.352001998 0.082345049 3
-0.032450136 0.178600184 4
-1.008427368 0.02340675 1
1.376621307 0.143167491 3
0.274850494 0.100136246 4
1.384943929 0.142491017 3
-0.906528061 -0.316433954 1
0.378891283 0.329422698 3
-0.322385745 -0.736864293 1
0.315549863 0.200193138 3
0.663580638 0.546391771 3
0.850779963 -0.343368628 1
-1.509897442 0.152707898 2
-1.43777692 0.235219169 2
-0.060438743 0.05473385 4
-0.061147186 -0.648595077 1
-0.554008596 -0.524889945 1
-0.606735763 0.438527209 2
-1.379373237 0.40216021 2
-0.106643959 -0.040962651 4
-0.621999439 -0.457208318 1
-0.259518221 -0.695548307 1
0.870697002 -0.192286587 1
0.895396676 -0.31439602 1
-0.982893341 -0.116397817 1
0.046790648 0.104517603 4
0.069164505 -0.235311704 4
-0.564724067 0.12806445 2
0.878235978 0.275073864 3
-0.853613557 0.362635194 2
0.159620436 -0.140583307 4
0.692799295 0.594038392 3
1.400985768 0.099060204 3
-0.879123949 0.425884474 2
-0.846526272 0.502748518 2
0.822807717 -0.487567392 1
-0.3330289 -0.70804503 1
0.498976691 0.498330936 3
0.038159911 -0.040198587 4
0.959366951 0.019958554 1
1.416625896 0.18359005 3
-1.123474938 0.497849321 2
-0.140614377 -0.141971888 4
0.90597083 0.490443545 3
-0.430098759 -0.49898066 1
-0.091666238 -0.290415731 4
0.838888814 -0.409270655 1
1.081361964 0.653775324 3
0.793948476 -0.327694628 1
1.229796601 0.387347427 3
-0.716961962 0.355716882 2
-0.712771584 -0.52942676 1
0.500959559 -0.451552597 1
-1.468784897 -0.057028264 2
1.120253141 0.504309263 3
1.270950886 0.339971033 3
-1.024630287 -0.218747589 1
1.427286288 0.411547351 3
0.635261897 -0.590683662 1
1.502852532 0.146777667 3
-0.767260263 0.418939728 2
0.785406526 0.439188029 3
-0.993568041 -0.047847577 1
-0.093219016 0.239041373 4
-0.012062412 -0.204895799 4
0.044868978 -0.076055732 4
-0.960705186 0.507200273 2
-1.07118462 0.615613826 2
-1.393084106 0.322069835 2
-0.566839912 0.293171173 2
-0.948870039 0.429085621 2
-1.227082358 0.517565105 2
-0.607635481 0.311464798 2
-0.01282564 -0.131478531 4
0.009045449 -0.668265049 1
1.415298167 0.117781328 3
0.461704809 -0.669103329 1
0.050375685 -0.111811984 4
0.554364848 0.313050084 3
0.218098879 -0.015275504 4
0.950486964 -0.306796112 1
-0.940492369 0.648511536 2
-0.573525333 0.334755302 2
-1.280119245 0.330382547 2
-0.243431489 -0.59326268 1
-0.19064003 -0.542585435 1
-0.152787969 -0.141218803 4
0.181925838 -0.068396629 4
-1.062356726 0.49868557 2
0.827259499 -0.367984676 1
-1.010281703 0.431452887 2
0.932904035 0.498454296 3
0.139181598 -0.713203634 1
-0.803246344 0.32751831 2
0.725456445 0.506579867 3
-1.018636113 0.502107372 2
1.404247215 0.155510047 3
-0.169973098 0.154208262 4
0.753306482 -0.408078283 1
-0.178879507 -0.109715402 4
-0.966487788 -0.184337067 1
-1.125301145 0.68709298 2
-1.286046814 0.413462282 2
-0.132761259 -0.09834813 4
1.341232133 0.199918317 3
-0.936390686 0.28670076 2
-0.659668897 -0.470624969 1
0.897341098 -0.230852998 1
0.662365832 0.469756358 3
1.218028827 0.327635053 3
-1.427176733 0.236932963 2
0.564171421 0.425941704 3
0.943083218 -0.289117577 1
-1.029076182 0.586997866 2
0.926099792 0.597375737 3
0.409329228 -0.690592104 1
-0.874626374 0.50247049 2
0.297798563 -0.80410883 1
1.396682604 0.308683698 3
0.031413315 0.015461786 4
0.367455982 -0.531223806 1
-0.973736185 0.35481827 2
-0.352659268 -0.480407849 1
-0.877773784 0.64472572 2
-0.093482841 -0.614212465 1
-1.415081492 0.257188771 2
1.424800532 0.210858465 3
0.991994173 0.388970753 3
-0.498865582 0.200463489 2
-0.082218363 -0.040481412 4
1.364951523 0.308904269 3
0.043180198 0.176392865 4
-0.107296523 0.112837697 4
-1.428865706 0.06663002 2
1.40245489 0.197579088 3
0.066858314 0.097753397 4
0.894759261 0.456140888 3
0.493582092 0.335760423 3
0.963289713 0.44256616 3
-0.637148725 0.533224123 2
-1.396024202 -0.124044228 2
-0.580718685 0.299468927 2
0.708285963 0.397878649 3
0.787306672 0.48900188 3
-1.215590533 0.566388962 2
0.492050692 -0.623915468 1
-0.967931544 -0.084584697 1
-0.171312525 -0.003846058 4
-0.597498762 -0.612466697 1
-0.56955227 0.199458322 2
-0.26168662 -0.624199664 1
-1.461345447 0.072658994 2
-0.060275213 0.04194196 4
-1.529472145 -0.005496449 2
1.451095602 -0.066198701 3
-1.415592788 0.159865169 2
-1.2704897 0.423595332 2
0.981572301 0.430827277 3
-0.915834162 0.67486839 2
-0.960291264 -0.136891452 1
-0.034061277 0.157240802 4
-1.406632893 0.277176316 2
0.619469733 -0.518963052 1
0.074510741 -0.661780617 1
-0.621526316 0.49547318 2
1.60613887 0.124509865 3
-0.758760363 -0.470727454 1
-0.564244227 0.216526657 2
0.077991877 -0.055021262 4
0.596555811 -0.465417618 1
0.104206417 -0.048158336 4
0.936880509 0.538809646 3
-0.750298764 0.44009064 2
0.84929767 -0.567761338 1
-0.103173877 -0.014367199 4
-0.796057853 -0.434828011 1
-0.745435816 0.531506771 2
-1.396465376 0.207599638 2
-1.489069059 0.152701451 2
-0.68777249 0.431988762 2
1.277374927 0.427055614 3
1.347516619 0.180221547 3
0.932709026 -0.125156594 1
0.529691583 0.323028413 3
1.19440944 0.562704225 3
0.1408269 0.093426944 4
0.383721104 0.334522983 3
-1.143351183 0.331355734 2
-1.496441193 0.197457982 2
0.294561747 -0.670788202 1
-1.390898043 0.262017118 2
-1.511238239 0.180632492 2
0.945463052 -0.124880449 1
1.266445264 0.247466335 3
0.774901243 -0.37467435 1
-0.21597413 -0.013844367 4
0.150613937 -0.721841451 1
1.486990486 0.030530099 3
-0.163935469 0.056351268 4
0.977242267 -0.272046058 1
0.903908307 0.313634721 3
0.7622712 0.547229474 3
0.006087912 -0.073182504 4
1.07103955 0.392738033 3
0.010517846 -0.240461861 4
-1.339815756 0.419359171 2
0.498031392 0.381753889 3
1.127315515 0.356639619 3
-0.630430952 -0.541795738 1
1.324551698 0.309461699 3
-0.643511429 0.290796481 2
-0.824853795 0.463895244 2
1.329724355 0.288202249 3
-0.431932802 -0.627776606 1
-0.489277819 -0.631789503 1
-0.646221421 0.308121054 2
1.389408041 0.177382314 3
0.021484322 -0.053163785 4
-0.666063562 -0.531356287 1
0.691175261 0.418388809 3
0.236234455 -0.621280754 1
-1.005915345 0.411140076 2
1.41500674 0.196720219 3
0.567189144 0.301750476 3
-0.645313385 -0.532343996 1
0.925454173 0.302780602 3
-1.234587844 0.518259729 2
0.879809706 -0.268279991 1
-0.008095206 -0.11888737 4
1.246491282 0.286693584 3
0.912496722 0.448890718 3
-1.053059069 -0.104193165 1
-1.327568353 0.375267392 2
1.259361905 0.273040869 3
0.900063721 0.578228438 3
0.251056445 -0.722684104 1
0.831865923 0.441124399 3
-0.039607451 0.083379665 4
1.221096688 0.564586653 3
1.316265796 0.218500792 3
-0.893820694 -0.370858588 1
-1.523809124 0.046574716 2
-0.038516139 0.048389252 4
0.82839606 -0.189140031 1
0.077848848 -0.016733536 4
-0.510745741 0.054619069 2
0.127147033 -0.075061494 4
0.08581791 -0.157731591 4
0.903655923 -0.299412677 1
0.569493968 0.516267554 3
-0.980914937 0.51813413 2
0.509218826 0.351143351 3
0.89480934 -0.028859503 1
-0.766369575 0.373586648 2
-1.260033606 0.315209394 2
-0.627306075 -0.41562432 1
0.004493343 0.011121358 4
1.249993094 0.557262774 3
-1.315946988 0.32104956 2
-1.320496261 0.32945995 2
-0.020289903 0.003935298 4
-1.496621827 0.239092191 2
-0.595716 0.187210476 2
-1.050291954 0.408528395 2
-0.112521825 -0.200876339 4
-0.503232637 -0.489887341 1
-0.912471903 -0.319337974 1
-1.543401825 0.226813761 2
1.391235197 0.41248722 3
-0.983987437 -0.025772282 1
-0.537003537 -0.534957986 1
-1.382551299 0.282891635 2
0.667570474 -0.464861432 1
-0.672994947 0.444255292 2
-0.825496607 -0.196241105 1
-1.482743422 -0.08749072 2
0.226056504 -0.083108844 4
1.496186739 0.249125736 3
0.122428837 0.065918833 4
-1.448655736 0.374973929 2
0.943947688 0.454141856 3
-0.548028206 0.199519479 2
0.563458025 0.180320864 3
-0.034258289 -0.102980196 4
-0.926224094 -0.278436952 1
0.476485385 -0.57545863 1
1.349636378 0.350961098 3
0.949982253 0.406769402 3
0.452207572 -0.625646777 1
-1.126051113 0.356344605 2
-0.726251695 -0.346335591 1
-1.179183651 0.417786697 2
-1.237918306 0.535137514 2
-0.771795338 0.575508314 2
-0.571784416 0.450204047 2
-0.837611626 -0.428610616 1
-0.640427281 0.447599725 2
1.519124658 0.09899095 3
0.029238518 -0.579659802 1
1.176053627 0.450174525 3
-0.186332389 -0.653419287 1
1.53826545 0.149519805 3
-0.622524662 0.412291266 2
-1.464318468 0.152105379 2
0.264771274 -0.614538943 1
0.950897602 0.361749012 3
-0.184645313 -0.037705482 4
1.006508474 -0.009095126 1
0.620593818 -0.489118518 1
-0.610220683 0.288518926 2
0.033266475 -0.166892573 4
1.490601761 0.288005596 3
-0.626108123 0.282130009 2
-0.845066652 -0.380574884 1
-0.790392182 -0.385941913 1
0.43146308 -0.693726459 1
1.107247339 0.636162114 3
-1.379809763 0.360756926 2
-0.860353318 -0.303008551 1
0.178129817 -0.654537637 1
-1.418937711 0.491099336 2
0.034810178 -0.01883018 4
-0.685420954 0.403500055 2
0.326676456 -0.609522621 1
-0.685513497 -0.465054461 1
1.428837085 0.118653845 3
-0.210895707 -0.05614681 4
0.130492854 -0.062206833 4
0.958122718 0.559071221 3
1.02691358 -0.187571598 1
0.009245008 -0.731837625 1
0.630571717 0.390994612 3
0.843557765 0.312776184 3
1.083105223 0.458587863 3
1.311850275 0.471842073 3
-1.267026788 0.286394737 2
-0.107255063 -0.660647445 1
-0.973739523 -0.280944195 1
-1.439001729 0.102520974 2
-0.013710861 -0.038957876 4
0.020695164 -0.030254247 4
-0.018984339 -0.133017036 4
-1.1656538 0.539215813 2
1.033183078 -0.122286334 1
1.382561765 0.082623921 3
0.156822338 -0.618013082 1
-0.823319914 0.59107373 2
-0.090467254 -0.392084439 1
-0.519493457 0.32921844 2
1.217915338 0.388927164 3
-0.198647219 -0.118479257 4
0.132073723 -0.181405032 4
-0.915197223 -0.249997619 1
1.36340497 0.221467767 3
-1.491913075 0.108113607 2
0.594648056 0.302154809 3
0.501577707 0.426909416 3
-0.472615963 -0.558932095 1
0.297668461 -0.647495688 1
-1.515133275 0.33027006 2
-1.329002771 0.212810005 2
0.053249547 -0.014998107 4
-0.414367642 -0.667955897 1
-1.291613646 0.378857332 2
0.727648859 -0.253744791 1
-1.213940769 0.254905385 2
0.067879333 0.013988272 4
0.223453102 0.048895461 4
0.838174009 0.604447087 3
1.194543015 0.39725029 3
-0.079627109 -0.653495979 1
-0.921327594 -0.302038086 1
-1.510680822 0.314294469 2
-1.379404617 0.562636677 2
-0.64878203 -0.557340532 1
-0.938343188 0.313340414 2
0.28 0.2002 4
